_unit_id , male_score , female_score , brand_Score
815719226 , 0.795087,0.185185,0.0197281
815719227 , 0.89783,0.10007,0.00210027
815719228 , 0.33,0.33,0.33
815719229 , 0.33,0.33,0.33
815719230 , 0.081489,0.909848,0.00866327
815719231 , 0.33,0.33,0.33
815719232 , 0.0055616,0.00373444,0.990704
815719233 , 0.846689,0.15228,0.00103194
815719234 , 0.33,0.33,0.33
815719235 , 0.33,0.33,0.33
815719236 , 0.0187373,0.0646343,0.916628
815719237 , 0.00144624,0.00632415,0.99223
815719238 , 0.33,0.33,0.33
815719239 , 3.30086e-06,2.08487e-05,0.999976
815719240 , 0.33,0.33,0.33
815719241 , 0.0113596,0.971403,0.0172369
815719242 , 0.33,0.33,0.33
815719243 , 0.960193,0.02589,0.0139171
815719244 , 0.706543,0.253849,0.0396084
815719245 , 0.33,0.33,0.33
815719246 , 0.274259,0.662085,0.0636564
815719247 , 0.33,0.33,0.33
815719248 , 0.33,0.33,0.33
815719249 , 0.33,0.33,0.33
815719250 , 0.68183,0.18162,0.136549
815719251 , 0.017716,0.977844,0.00444047
815719252 , 0.146854,0.209704,0.643442
815719253 , 0.33,0.33,0.33
815719254 , 0.33,0.33,0.33
815719255 , 0.33,0.33,0.33
815719256 , 0.0063975,0.00306476,0.990538
815719257 , 0.637864,0.339504,0.0226323
815719258 , 0.33,0.33,0.33
815719259 , 0.33,0.33,0.33
815719260 , 0.00013159,0.000271823,0.999597
815719261 , 0.33,0.33,0.33
815719262 , 0.0148829,0.0086587,0.976458
815719263 , 0.33,0.33,0.33
815719264 , 0.33,0.33,0.33
815719265 , 0.33,0.33,0.33
815719266 , 0.00817195,0.000101588,0.991727
815719267 , 0.837899,0.123636,0.0384658
815719268 , 0.33,0.33,0.33
815719269 , 0.33,0.33,0.33
815719270 , 0.733505,0.153249,0.113246
815719271 , 0.33,0.33,0.33
815719272 , 0.33,0.33,0.33
815719273 , 0.33,0.33,0.33
815719274 , 0.33,0.33,0.33
815719275 , 0.065289,0.00615798,0.928553
815719276 , 0.421324,0.569265,0.00941038
815719277 , 5.95575e-05,0.998772,0.00116834
815719278 , 0.0676773,0.928181,0.00414174
815719279 , 0.33,0.33,0.33
815719280 , 0.6436,0.342346,0.0140539
815719281 , 0.33,0.33,0.33
815719282 , 0.191955,0.79881,0.00923446
815719283 , 0.432669,0.0643637,0.502968
815719284 , 0.437822,0.551925,0.0102524
815719285 , 0.366781,0.47692,0.156299
815719286 , 0.0118945,0.000558763,0.987547
815719287 , 0.33,0.33,0.33
815719288 , 0.33,0.33,0.33
815719289 , 0.33,0.33,0.33
815719290 , 0.33,0.33,0.33
815719291 , 0.33,0.33,0.33
815719292 , 0.588843,0.402155,0.00900116
815719293 , 0.33,0.33,0.33
815719294 , 0.33,0.33,0.33
815719295 , 0.33,0.33,0.33
815719296 , 0.0674228,0.910567,0.0220101
815719297 , 0.00746395,0.00690188,0.985634
815719298 , 0.33,0.33,0.33
815719299 , 0.76,0.0913837,0.148616
815719300 , 0.33,0.33,0.33
815719301 , 0.692542,0.23615,0.0713085
815719302 , 0.00638082,0.0133251,0.980294
815719303 , 0.0244934,0.914897,0.0606092
815719304 , 0.33,0.33,0.33
815719305 , 0.33,0.33,0.33
815719306 , 0.0268895,0.972146,0.000964719
815719307 , 0.456286,0.506804,0.0369098
815719308 , 0.00689426,0.00813535,0.98497
815719309 , 0.33,0.33,0.33
815719310 , 0.33,0.33,0.33
815719311 , 0.33,0.33,0.33
815719312 , 0.33,0.33,0.33
815719313 , 0.0959723,0.866043,0.0379844
815719314 , 0.33,0.33,0.33
815719315 , 0.33,0.33,0.33
815719316 , 0.0293896,0.0369916,0.933619
815719317 , 0.00131704,0.00564726,0.993036
815719318 , 0.33,0.33,0.33
815719319 , 0.966244,0.0200438,0.0137117
815719320 , 0.33,0.33,0.33
815719321 , 0.209503,0.0726066,0.71789
815719322 , 0.33,0.33,0.33
815719323 , 0.0113848,0.873564,0.115051
815719324 , 0.122021,0.326544,0.551436
815719325 , 0.33,0.33,0.33
815719326 , 0.33,0.33,0.33
815719327 , 0.33,0.33,0.33
815719328 , 0.33,0.33,0.33
815719329 , 0.33,0.33,0.33
815719330 , 0.00648785,0.993081,0.000430804
815719331 , 0.33,0.33,0.33
815719332 , 0.33,0.33,0.33
815719333 , 0.00660497,0.000197386,0.993198
815719334 , 0.33,0.33,0.33
815719335 , 0.33,0.33,0.33
815719336 , 0.0113596,0.971403,0.0172369
815719337 , 0.33,0.33,0.33
815719338 , 0.901071,0.0483093,0.0506201
815719339 , 0.33,0.33,0.33
815719340 , 0.33,0.33,0.33
815719341 , 0.40641,0.579883,0.0137078
815719342 , 0.0242846,0.03143,0.944285
815719343 , 0.08684,0.840124,0.0730361
815719344 , 0.984406,0.00561378,0.00998028
815719345 , 0.33,0.33,0.33
815719346 , 0.33,0.33,0.33
815719347 , 0.33,0.33,0.33
815719348 , 0.33,0.33,0.33
815719349 , 0.329059,0.124067,0.546873
815719350 , 0.0651847,0.893753,0.0410622
815719351 , 0.33,0.33,0.33
815719352 , 0.208217,0.0580264,0.733757
815719353 , 0.33,0.33,0.33
815719354 , 0.00145912,0.996734,0.00180703
815719355 , 0.199522,0.0578448,0.742633
815719356 , 0.33,0.33,0.33
815719357 , 0.33,0.33,0.33
815719358 , 0.014908,0.982641,0.00245072
815719359 , 0.33,0.33,0.33
815719360 , 0.862731,0.110379,0.0268904
815719361 , 0.33,0.33,0.33
815719362 , 0.33,0.33,0.33
815719363 , 0.33,0.33,0.33
815719364 , 0.708269,0.288449,0.00328188
815719365 , 0.33,0.33,0.33
815719366 , 0.33,0.33,0.33
815719367 , 0.33,0.33,0.33
815719368 , 0.33,0.33,0.33
815719369 , 0.33,0.33,0.33
815719370 , 0.0850246,0.070698,0.844278
815719371 , 0.33,0.33,0.33
815719372 , 0.33,0.33,0.33
815719373 , 0.08553,0.903768,0.0107021
815719374 , 0.33,0.33,0.33
815719375 , 0.33,0.33,0.33
815719376 , 0.33,0.33,0.33
815719377 , 0.33,0.33,0.33
815719378 , 0.0899578,0.90514,0.0049026
815719379 , 0.0343231,0.0111559,0.954521
815719380 , 0.33,0.33,0.33
815719381 , 0.33,0.33,0.33
815719382 , 0.33,0.33,0.33
815719383 , 0.985112,0.0110162,0.00387184
815719384 , 0.00817195,0.000101588,0.991727
815719385 , 0.467024,0.530666,0.00230985
815719386 , 0.0457957,0.00661946,0.947585
815719387 , 0.33,0.33,0.33
815719388 , 0.212721,0.775122,0.012157
815719389 , 0.33,0.33,0.33
815719390 , 0.80768,0.054263,0.138057
815719391 , 0.941305,0.0491583,0.00953644
815719392 , 0.33,0.33,0.33
815719393 , 0.33,0.33,0.33
815719394 , 0.0366137,0.0674766,0.89591
815719395 , 0.33,0.33,0.33
815719396 , 0.042395,0.0767202,0.880885
815719397 , 1.5135e-05,8.16889e-09,0.999985
815719398 , 0.318296,0.671078,0.0106264
815719399 , 0.0395563,0.0615388,0.898905
815719400 , 0.270825,0.0285256,0.700649
815719401 , 0.33,0.33,0.33
815719402 , 0.0592531,0.0304965,0.91025
815719403 , 0.611807,0.382016,0.00617755
815719404 , 0.33,0.33,0.33
815719405 , 0.529816,0.379894,0.0902901
815719406 , 0.33,0.33,0.33
815719407 , 0.00131704,0.00564726,0.993036
815719408 , 0.0203982,0.956345,0.0232564
815719409 , 0.33,0.33,0.33
815719410 , 0.33,0.33,0.33
815719411 , 0.0440209,0.285004,0.670975
815719412 , 0.33,0.33,0.33
815719413 , 0.33,0.33,0.33
815719414 , 0.33,0.33,0.33
815719415 , 0.79251,0.0485234,0.158967
815719416 , 0.372528,0.288511,0.338962
815719417 , 0.00402094,0.00422318,0.991756
815719418 , 0.33,0.33,0.33
815719419 , 0.33,0.33,0.33
815719420 , 0.020021,0.166137,0.813842
815719421 , 0.33,0.33,0.33
815719422 , 0.33,0.33,0.33
815719423 , 0.33,0.33,0.33
815719424 , 0.528972,0.467622,0.00340616
815719425 , 0.33,0.33,0.33
815719426 , 0.00199315,0.0119843,0.986023
815719427 , 0.33,0.33,0.33
815719428 , 0.00584619,0.922231,0.0719232
815719429 , 0.33,0.33,0.33
815719430 , 0.33,0.33,0.33
815719431 , 0.33,0.33,0.33
815719432 , 0.33,0.33,0.33
815719433 , 0.33,0.33,0.33
815719434 , 0.33,0.33,0.33
815719435 , 0.000699967,0.00018499,0.999115
815719436 , 0.33,0.33,0.33
815719437 , 0.0174268,0.000308805,0.982264
815719438 , 0.0529315,0.946224,0.000844367
815719439 , 0.33,0.33,0.33
815719440 , 0.33,0.33,0.33
815719441 , 0.33,0.33,0.33
815719442 , 0.33,0.33,0.33
815719443 , 0.33,0.33,0.33
815719444 , 0.863662,0.0076388,0.128699
815719445 , 0.248821,0.00840278,0.742776
815719446 , 0.33,0.33,0.33
815719447 , 0.33,0.33,0.33
815719448 , 0.33,0.33,0.33
815719449 , 0.33,0.33,0.33
815719450 , 0.895617,0.0450026,0.0593801
815719451 , 0.33,0.33,0.33
815719452 , 0.315354,0.41383,0.270816
815719453 , 0.33,0.33,0.33
815719454 , 0.33,0.33,0.33
815719455 , 0.33,0.33,0.33
815719456 , 0.33,0.33,0.33
815719457 , 0.33,0.33,0.33
815719458 , 0.33,0.33,0.33
815719459 , 0.33,0.33,0.33
815719460 , 0.0189787,0.980415,0.000606521
815719461 , 0.00702711,0.0717849,0.921188
815719462 , 0.0590535,0.0336852,0.907261
815719463 , 0.33,0.33,0.33
815719464 , 0.33,0.33,0.33
815719465 , 0.33,0.33,0.33
815719466 , 0.33,0.33,0.33
815719467 , 0.33,0.33,0.33
815719468 , 0.00199315,0.0119843,0.986023
815719469 , 0.985905,0.0126259,0.00146946
815719470 , 0.050464,0.831075,0.118461
815719471 , 0.33,0.33,0.33
815719472 , 0.33,0.33,0.33
815719473 , 0.33,0.33,0.33
815719474 , 0.33,0.33,0.33
815719475 , 0.33,0.33,0.33
815719476 , 0.0725442,0.00778095,0.919675
815719477 , 0.33,0.33,0.33
815719478 , 0.33,0.33,0.33
815719479 , 0.33,0.33,0.33
815719480 , 0.33,0.33,0.33
815719481 , 0.33,0.33,0.33
815719482 , 0.00247145,0.000191337,0.997337
815719483 , 0.33,0.33,0.33
815719484 , 0.00131482,0.00171656,0.996969
815719485 , 0.33,0.33,0.33
815719486 , 0.715842,0.161716,0.122442
815719487 , 0.264978,0.60634,0.128682
815719488 , 0.33,0.33,0.33
815719489 , 0.969467,0.0273915,0.00314176
815719490 , 0.33,0.33,0.33
815719491 , 0.33,0.33,0.33
815719492 , 0.33,0.33,0.33
815719493 , 0.73874,0.228625,0.0326351
815719494 , 0.33,0.33,0.33
815719495 , 0.33,0.33,0.33
815719496 , 0.33,0.33,0.33
815719497 , 0.33,0.33,0.33
815719498 , 0.33,0.33,0.33
815719499 , 0.0970178,0.759564,0.143418
815719500 , 0.33,0.33,0.33
815719501 , 0.816213,0.137531,0.0462554
815719502 , 0.33,0.33,0.33
815719503 , 0.33,0.33,0.33
815719504 , 0.33,0.33,0.33
815719505 , 0.0177277,0.0014157,0.980857
815719506 , 0.33,0.33,0.33
815719507 , 0.848371,0.149646,0.00198245
815719508 , 0.33,0.33,0.33
815719509 , 0.33,0.33,0.33
815719510 , 0.00527713,0.972134,0.022589
815719511 , 0.87374,0.00365533,0.122604
815719512 , 0.000120976,0.000491203,0.999388
815719513 , 0.33,0.33,0.33
815719514 , 0.33,0.33,0.33
815719515 , 0.980971,0.0166741,0.00235446
815719516 , 0.08684,0.840124,0.0730361
815719517 , 0.33,0.33,0.33
815719518 , 0.33,0.33,0.33
815719519 , 0.33,0.33,0.33
815719520 , 0.33,0.33,0.33
815719521 , 0.029119,0.0243059,0.946575
815719522 , 0.000318353,0.999506,0.000175829
815719523 , 0.283948,0.705878,0.0101745
815719524 , 0.0418928,0.00266226,0.955445
815719525 , 0.394121,0.57642,0.0294596
815719527 , 0.153806,0.135587,0.710608
815719528 , 0.00129415,0.0164805,0.982225
815719529 , 0.33,0.33,0.33
815719530 , 0.00817195,0.000101588,0.991727
815719531 , 0.33,0.33,0.33
815719532 , 0.33,0.33,0.33
815719533 , 0.33,0.33,0.33
815719534 , 0.981517,0.00927592,0.00920754
815719535 , 0.33,0.33,0.33
815719536 , 0.422986,0.563304,0.0137101
815719537 , 0.33,0.33,0.33
815719538 , 0.33,0.33,0.33
815719539 , 0.33,0.33,0.33
815719540 , 0.0752905,0.0651082,0.859601
815719541 , 0.33,0.33,0.33
815719542 , 0.972557,0.00361368,0.023829
815719543 , 0.33,0.33,0.33
815719544 , 0.33,0.33,0.33
815719545 , 0.33,0.33,0.33
815719546 , 0.0688639,0.0382511,0.892885
815719547 , 0.33,0.33,0.33
815719548 , 0.000797993,0.00479272,0.994409
815719549 , 0.813956,0.0989195,0.0871246
815719550 , 0.33,0.33,0.33
815719551 , 0.33,0.33,0.33
815719552 , 0.0366137,0.0674766,0.89591
815719553 , 0.33,0.33,0.33
815719554 , 0.0111549,0.985993,0.00285194
815719555 , 0.33,0.33,0.33
815719556 , 0.000166549,0.000700164,0.999133
815719557 , 0.000380653,0.000139365,0.99948
815719558 , 0.33,0.33,0.33
815719559 , 0.33,0.33,0.33
815719560 , 0.33,0.33,0.33
815719561 , 0.33,0.33,0.33
815719562 , 0.0185785,0.974688,0.00673357
815719563 , 0.33,0.33,0.33
815719564 , 0.00558385,0.993589,0.000827545
815719565 , 0.345984,0.648283,0.00573347
815719566 , 0.26223,0.728444,0.00932586
815719567 , 0.681402,0.0499039,0.268695
815719568 , 0.0135311,0.984563,0.00190573
815719569 , 0.00131704,0.00564726,0.993036
815719570 , 0.33,0.33,0.33
815719571 , 0.33,0.33,0.33
815719572 , 0.33,0.33,0.33
815719573 , 0.33,0.33,0.33
815719574 , 0.97861,0.0177324,0.003658
815719575 , 0.309598,0.410679,0.279723
815719576 , 0.0285956,0.000413631,0.970991
815719577 , 0.0113974,0.23317,0.755433
815719578 , 0.33,0.33,0.33
815719579 , 0.510313,0.488709,0.000978452
815719580 , 0.33,0.33,0.33
815719581 , 0.33,0.33,0.33
815719582 , 0.33,0.33,0.33
815719583 , 0.33,0.33,0.33
815719584 , 0.0504737,0.725806,0.223721
815719585 , 4.43943e-07,0.00724918,0.99275
815719586 , 0.33,0.33,0.33
815719587 , 0.008145,0.00128449,0.990571
815719588 , 0.33,0.33,0.33
815719589 , 0.33,0.33,0.33
815719590 , 0.33,0.33,0.33
815719591 , 0.33,0.33,0.33
815719592 , 0.779222,0.192078,0.0287001
815719593 , 0.33,0.33,0.33
815719594 , 0.33,0.33,0.33
815719595 , 0.360225,0.631685,0.00808995
815719596 , 0.727326,0.00497994,0.267694
815719597 , 0.33,0.33,0.33
815719598 , 0.0109098,0.656891,0.3322
815719599 , 0.33,0.33,0.33
815719600 , 9.62527e-06,1.44182e-08,0.99999
815719601 , 0.33,0.33,0.33
815719602 , 0.33,0.33,0.33
815719603 , 0.33,0.33,0.33
815719604 , 0.33,0.33,0.33
815719605 , 0.00418834,0.0288136,0.966998
815719606 , 0.33,0.33,0.33
815719607 , 0.33,0.33,0.33
815719608 , 0.0123131,0.00252123,0.985166
815719609 , 0.33,0.33,0.33
815719610 , 0.33,0.33,0.33
815719611 , 4.86698e-05,8.25241e-08,0.999951
815719612 , 0.33,0.33,0.33
815719613 , 0.000782185,3.27809e-05,0.999185
815719614 , 0.33,0.33,0.33
815719615 , 0.33,0.33,0.33
815719616 , 0.33,0.33,0.33
815719617 , 0.0485457,0.930625,0.0208296
815719618 , 0.33,0.33,0.33
815719619 , 0.33,0.33,0.33
815719620 , 0.33,0.33,0.33
815719621 , 0.913842,0.059344,0.0268142
815719622 , 0.33,0.33,0.33
815719623 , 0.0599063,0.925029,0.0150646
815719624 , 0.33,0.33,0.33
815719625 , 0.33,0.33,0.33
815719626 , 0.0307703,0.0116659,0.957564
815719627 , 0.0268203,0.971308,0.0018713
815719628 , 0.33,0.33,0.33
815719629 , 0.318702,0.655149,0.0261489
815719630 , 0.33,0.33,0.33
815719631 , 0.33,0.33,0.33
815719632 , 0.33,0.33,0.33
815719633 , 0.223807,0.442398,0.333795
815719634 , 0.721682,0.275989,0.00232886
815719635 , 0.33,0.33,0.33
815719636 , 0.150659,0.830453,0.0188879
815719637 , 0.011413,0.000730505,0.987856
815719638 , 0.604189,0.383652,0.0121595
815719639 , 0.33,0.33,0.33
815719640 , 0.33,0.33,0.33
815719641 , 0.33,0.33,0.33
815719642 , 0.33,0.33,0.33
815719643 , 0.33,0.33,0.33
815719644 , 0.33,0.33,0.33
815719645 , 0.33,0.33,0.33
815719646 , 0.33,0.33,0.33
815719647 , 0.0091808,0.0107676,0.980052
815719648 , 0.33,0.33,0.33
815719649 , 0.03327,0.0108271,0.955903
815719650 , 0.33,0.33,0.33
815719651 , 0.562478,0.42733,0.0101922
815719652 , 0.863226,0.121301,0.0154725
815719653 , 0.33,0.33,0.33
815719654 , 0.858421,0.0568358,0.0847437
815719655 , 0.33,0.33,0.33
815719656 , 0.33,0.33,0.33
815719657 , 0.0487428,0.0948249,0.856432
815719658 , 0.33,0.33,0.33
815719659 , 0.793846,0.187276,0.0188783
815719660 , 0.0039415,0.0125344,0.983524
815719661 , 0.0123131,0.00252123,0.985166
815719662 , 0.33,0.33,0.33
815719663 , 0.33,0.33,0.33
815719664 , 0.0140767,0.000605563,0.985318
815719665 , 0.167633,0.0660169,0.76635
815719666 , 0.0729797,0.0174463,0.909574
815719667 , 0.33,0.33,0.33
815719668 , 0.188597,0.673229,0.138174
815719669 , 0.33,0.33,0.33
815719670 , 0.33,0.33,0.33
815719671 , 0.874733,0.0801735,0.0450936
815719672 , 0.33,0.33,0.33
815719673 , 0.00127048,0.0294589,0.969271
815719674 , 0.33,0.33,0.33
815719675 , 7.37742e-06,1.74049e-05,0.999975
815719676 , 0.33,0.33,0.33
815719677 , 0.33,0.33,0.33
815719678 , 0.33,0.33,0.33
815719679 , 0.812251,0.173054,0.0146945
815719680 , 0.273953,0.722052,0.003995
815719681 , 9.62527e-06,1.44182e-08,0.99999
815719682 , 0.00817195,0.000101588,0.991727
815719683 , 0.0667704,0.0862262,0.847003
815719684 , 0.00211734,0.000531873,0.997351
815719685 , 0.00262183,0.0205384,0.97684
815719686 , 0.33,0.33,0.33
815719687 , 0.33,0.33,0.33
815719688 , 0.33,0.33,0.33
815719689 , 0.33,0.33,0.33
815719690 , 0.00956469,0.0179139,0.972521
815719691 , 0.00238805,0.254356,0.743256
815719692 , 0.000382992,0.00295963,0.996657
815719693 , 0.33,0.33,0.33
815719694 , 0.000130726,2.57621e-05,0.999843
815719695 , 0.33,0.33,0.33
815719696 , 0.664873,0.0183903,0.316737
815719697 , 0.33,0.33,0.33
815719698 , 0.33,0.33,0.33
815719699 , 0.33,0.33,0.33
815719700 , 0.33,0.33,0.33
815719701 , 0.0319515,0.965295,0.00275366
815719702 , 0.00227668,0.000392499,0.997331
815719703 , 0.33,0.33,0.33
815719704 , 0.33,0.33,0.33
815719705 , 0.00260751,0.996919,0.000473558
815719706 , 0.763501,0.0270453,0.209454
815719707 , 0.0725442,0.00778095,0.919675
815719708 , 0.33,0.33,0.33
815719709 , 0.0205316,0.0283424,0.951126
815719710 , 0.0203982,0.956345,0.0232564
815719711 , 0.33,0.33,0.33
815719712 , 0.362578,0.491315,0.146107
815719713 , 0.00581234,0.0277442,0.966443
815719714 , 0.33,0.33,0.33
815719715 , 0.33,0.33,0.33
815719716 , 0.332452,0.561693,0.105854
815719717 , 0.33,0.33,0.33
815719718 , 0.33,0.33,0.33
815719719 , 0.33,0.33,0.33
815719720 , 0.0919221,0.0845103,0.823568
815719721 , 0.33,0.33,0.33
815719722 , 0.33,0.33,0.33
815719723 , 0.33,0.33,0.33
815719724 , 0.33,0.33,0.33
815719725 , 0.124288,0.866512,0.0091998
815719726 , 0.33,0.33,0.33
815719728 , 0.33,0.33,0.33
815719729 , 0.774272,0.223849,0.00187908
815719730 , 0.954604,0.0306734,0.0147226
815719731 , 0.33,0.33,0.33
815719732 , 0.33,0.33,0.33
815719733 , 0.33,0.33,0.33
815719734 , 0.33,0.33,0.33
815719735 , 0.33,0.33,0.33
815719736 , 0.33,0.33,0.33
815719737 , 0.0772464,0.914934,0.00781947
815719738 , 0.33,0.33,0.33
815719739 , 0.51062,0.320622,0.168758
815719740 , 0.00264624,0.0691441,0.92821
815719741 , 0.00161288,2.57981e-05,0.998361
815719742 , 0.33,0.33,0.33
815719743 , 0.33,0.33,0.33
815719744 , 0.00180727,0.000790508,0.997402
815719745 , 0.33,0.33,0.33
815719746 , 0.33,0.33,0.33
815719747 , 0.120297,0.573744,0.305959
815719748 , 0.33,0.33,0.33
815719749 , 0.213149,0.764394,0.0224571
815719750 , 0.33,0.33,0.33
815719751 , 0.0392743,0.00110027,0.959625
815719752 , 0.33,0.33,0.33
815719753 , 0.33,0.33,0.33
815719754 , 0.865059,0.0945897,0.0403512
815719755 , 0.0242846,0.03143,0.944285
815719756 , 0.000253632,0.00111981,0.998627
815719757 , 0.33,0.33,0.33
815719758 , 0.00469279,0.0132192,0.982088
815719759 , 0.35958,0.615064,0.0253558
815719760 , 0.33,0.33,0.33
815719761 , 0.33,0.33,0.33
815719762 , 0.33,0.33,0.33
815719763 , 0.33,0.33,0.33
815719764 , 0.150953,0.168269,0.680778
815719765 , 0.33,0.33,0.33
815719766 , 0.33,0.33,0.33
815719767 , 0.281735,0.67123,0.047036
815719768 , 0.33,0.33,0.33
815719769 , 0.544059,0.436248,0.0196927
815719770 , 0.199624,0.587599,0.212778
815719771 , 0.33,0.33,0.33
815719772 , 0.33,0.33,0.33
815719773 , 0.33,0.33,0.33
815719774 , 0.33,0.33,0.33
815719775 , 0.872702,0.10986,0.0174388
815719776 , 0.00340419,0.00450188,0.992094
815719777 , 0.499132,0.177955,0.322913
815719778 , 0.426587,0.224299,0.349114
815719779 , 7.35532e-05,0.00074051,0.999186
815719780 , 0.33,0.33,0.33
815719781 , 0.33,0.33,0.33
815719782 , 0.33,0.33,0.33
815719783 , 0.979667,0.00964283,0.0106903
815719784 , 0.42416,0.550594,0.0252468
815719785 , 0.761033,0.228125,0.0108413
815719786 , 0.378545,0.615209,0.00624587
815719787 , 0.33,0.33,0.33
815719788 , 0.33,0.33,0.33
815719789 , 0.0113596,0.971403,0.0172369
815719790 , 0.554067,0.441179,0.00475331
815719791 , 0.403962,0.547998,0.0480402
815719792 , 0.33,0.33,0.33
815719793 , 0.33,0.33,0.33
815719794 , 0.33,0.33,0.33
815719795 , 0.33,0.33,0.33
815719796 , 0.88059,0.101391,0.0180188
815719797 , 0.369401,0.623282,0.007317
815719798 , 0.738457,0.0956742,0.165869
815719799 , 0.33,0.33,0.33
815719800 , 0.33,0.33,0.33
815719801 , 0.054023,0.0505104,0.895467
815719802 , 0.00276378,0.00489328,0.992343
815719803 , 0.33,0.33,0.33
815719804 , 0.33,0.33,0.33
815719805 , 0.0176691,0.0479642,0.934367
815719806 , 0.000514656,0.998749,0.000736626
815719807 , 0.0305548,0.00184321,0.967602
815719808 , 0.186732,0.0558482,0.75742
815719809 , 0.33,0.33,0.33
815719810 , 0.33,0.33,0.33
815719811 , 0.96132,0.0331487,0.00553161
815719812 , 0.88324,0.0108647,0.105896
815719813 , 0.386526,0.0231783,0.590295
815719814 , 0.010512,0.00684176,0.982646
815719815 , 0.0111631,0.042878,0.945959
815719816 , 0.864219,0.106073,0.0297085
815719817 , 0.0261522,0.962644,0.0112035
815719818 , 0.133738,0.069938,0.796324
815719819 , 0.688474,0.309893,0.00163332
815719820 , 0.653987,0.0846906,0.261323
815719821 , 0.477967,0.299133,0.2229
815719822 , 0.33,0.33,0.33
815719823 , 0.939828,0.0446943,0.0154775
815719824 , 0.33,0.33,0.33
815719825 , 0.939843,0.0482794,0.0118779
815719826 , 0.33,0.33,0.33
815719827 , 0.33,0.33,0.33
815719829 , 0.806762,0.105902,0.0873363
815719830 , 0.0318118,0.00944999,0.958738
815719831 , 0.00116766,0.452476,0.546357
815719832 , 0.33,0.33,0.33
815719833 , 0.680245,0.310702,0.00905281
815719834 , 0.776625,0.102871,0.120504
815719835 , 0.33,0.33,0.33
815719836 , 0.00107295,0.0012782,0.997649
815719837 , 0.33,0.33,0.33
815719838 , 0.33,0.33,0.33
815719839 , 0.33,0.33,0.33
815719840 , 0.33,0.33,0.33
815719841 , 0.0212244,0.897722,0.0810532
815719842 , 0.981396,0.0143838,0.00421982
815719843 , 0.33,0.33,0.33
815719844 , 0.00698345,0.842024,0.150992
815719845 , 0.0148869,0.0237671,0.961346
815719846 , 0.33,0.33,0.33
815719847 , 0.33,0.33,0.33
815719848 , 0.33,0.33,0.33
815719849 , 0.149102,0.84438,0.00651793
815719850 , 0.33,0.33,0.33
815719851 , 0.868631,0.129515,0.00185376
815719852 , 0.33,0.33,0.33
815719853 , 0.33,0.33,0.33
815719854 , 0.33,0.33,0.33
815719855 , 0.33,0.33,0.33
815719856 , 0.0284981,0.0344702,0.937032
815719857 , 0.0335124,0.21487,0.751618
815719858 , 0.33,0.33,0.33
815719859 , 0.00276378,0.00489328,0.992343
815719860 , 0.571491,0.415229,0.0132795
815719861 , 0.33,0.33,0.33
815719862 , 0.33,0.33,0.33
815719863 , 0.33,0.33,0.33
815719864 , 0.33,0.33,0.33
815719865 , 0.33,0.33,0.33
815719866 , 0.33,0.33,0.33
815719867 , 0.33,0.33,0.33
815719868 , 0.33,0.33,0.33
815719869 , 0.141307,0.855059,0.00363362
815719870 , 0.33,0.33,0.33
815719871 , 0.0148869,0.0237671,0.961346
815719872 , 0.33,0.33,0.33
815719873 , 0.33,0.33,0.33
815719874 , 0.832591,0.141235,0.0261744
815719875 , 0.139006,0.806972,0.0540221
815719876 , 0.33,0.33,0.33
815719877 , 0.139804,0.14951,0.710685
815719878 , 0.33,0.33,0.33
815719879 , 0.33,0.33,0.33
815719880 , 0.33,0.33,0.33
815719881 , 0.33,0.33,0.33
815719882 , 0.33,0.33,0.33
815719883 , 0.0107005,0.987959,0.00134055
815719884 , 0.33,0.33,0.33
815719885 , 0.33,0.33,0.33
815719886 , 0.330129,0.571015,0.0988558
815719887 , 0.00276378,0.00489328,0.992343
815719888 , 0.0758097,0.0390208,0.88517
815719889 , 0.33,0.33,0.33
815719890 , 0.909948,0.0774845,0.0125678
815719891 , 0.643773,0.258725,0.0975021
815719892 , 0.33,0.33,0.33
815719893 , 0.33,0.33,0.33
815719894 , 0.00530282,0.0141042,0.980593
815719895 , 0.33,0.33,0.33
815719896 , 0.33,0.33,0.33
815719897 , 0.33,0.33,0.33
815719898 , 0.33,0.33,0.33
815719899 , 0.33,0.33,0.33
815719900 , 0.909447,0.00150245,0.0890503
815719901 , 0.33,0.33,0.33
815719902 , 0.0619694,0.936789,0.00124187
815719903 , 0.33,0.33,0.33
815719904 , 0.33,0.33,0.33
815719905 , 0.33,0.33,0.33
815719906 , 0.33,0.33,0.33
815719907 , 0.33,0.33,0.33
815719908 , 0.902386,0.0911327,0.00648119
815719909 , 0.33,0.33,0.33
815719910 , 0.33,0.33,0.33
815719911 , 0.33,0.33,0.33
815719912 , 0.556814,0.432917,0.0102686
815719913 , 0.33,0.33,0.33
815719914 , 0.962783,0.0234534,0.0137633
815719915 , 0.33,0.33,0.33
815719916 , 0.33,0.33,0.33
815719917 , 0.33,0.33,0.33
815719918 , 0.0293896,0.0369916,0.933619
815719919 , 0.607124,0.341162,0.051714
815719920 , 0.416997,0.398654,0.18435
815719921 , 0.33,0.33,0.33
815719922 , 0.33,0.33,0.33
815719923 , 0.33,0.33,0.33
815719924 , 0.33,0.33,0.33
815719925 , 0.33,0.33,0.33
815719926 , 0.33,0.33,0.33
815719927 , 0.33,0.33,0.33
815719928 , 0.33,0.33,0.33
815719929 , 1.88904e-05,5.36626e-06,0.999976
815719930 , 0.33,0.33,0.33
815719931 , 0.33,0.33,0.33
815719932 , 0.498595,0.0689629,0.432443
815719933 , 0.33,0.33,0.33
815719934 , 0.33,0.33,0.33
815719935 , 0.33,0.33,0.33
815719936 , 0.33,0.33,0.33
815719937 , 0.33,0.33,0.33
815719938 , 0.33,0.33,0.33
815719939 , 0.0424898,0.725097,0.232413
815719940 , 0.000294088,0.0228785,0.976827
815719941 , 0.33,0.33,0.33
815719942 , 0.33,0.33,0.33
815719943 , 0.33,0.33,0.33
815719944 , 0.913695,0.0785093,0.0077954
815719945 , 0.33,0.33,0.33
815719946 , 0.33,0.33,0.33
815719947 , 0.0556919,0.0221341,0.922174
815719948 , 0.33,0.33,0.33
815719949 , 0.33,0.33,0.33
815719950 , 0.33,0.33,0.33
815719951 , 0.029119,0.0243059,0.946575
815719952 , 0.33,0.33,0.33
815719953 , 0.00378512,0.993538,0.00267707
815719954 , 0.909664,0.0761362,0.0141994
815719955 , 0.446186,0.486727,0.0670873
815719956 , 0.0113596,0.971403,0.0172369
815719957 , 0.33,0.33,0.33
815719958 , 0.33,0.33,0.33
815719959 , 0.33,0.33,0.33
815719960 , 0.33,0.33,0.33
815719961 , 0.33,0.33,0.33
815719962 , 0.0647772,0.914419,0.0208038
815719963 , 0.33,0.33,0.33
815719964 , 0.33,0.33,0.33
815719965 , 0.00531912,0.000240164,0.994441
815719966 , 0.00277276,0.000313652,0.996914
815719967 , 0.0609659,0.106071,0.832963
815719968 , 0.33,0.33,0.33
815719969 , 0.573012,0.0847769,0.342211
815719970 , 0.00721272,0.000179849,0.992607
815719971 , 0.33,0.33,0.33
815719972 , 0.33,0.33,0.33
815719973 , 0.0289672,0.958657,0.0123758
815719974 , 0.33,0.33,0.33
815719975 , 0.530528,0.324129,0.145343
815719976 , 0.0111631,0.042878,0.945959
815719977 , 0.33,0.33,0.33
815719978 , 0.33,0.33,0.33
815719979 , 0.33,0.33,0.33
815719980 , 0.0393939,0.0768484,0.883758
815719981 , 0.33,0.33,0.33
815719982 , 0.0218555,0.00343473,0.97471
815719983 , 0.33,0.33,0.33
815719984 , 0.33,0.33,0.33
815719985 , 0.33,0.33,0.33
815719986 , 0.33,0.33,0.33
815719987 , 0.46039,0.432037,0.107573
815719988 , 0.33,0.33,0.33
815719989 , 0.33,0.33,0.33
815719990 , 0.33,0.33,0.33
815719991 , 0.0011837,0.000953565,0.997863
815719992 , 0.33,0.33,0.33
815719993 , 0.33,0.33,0.33
815719994 , 0.00334136,0.989825,0.00683381
815719995 , 0.692542,0.23615,0.0713085
815719996 , 0.33,0.33,0.33
815719997 , 0.33,0.33,0.33
815719998 , 0.0838324,0.2482,0.667967
815719999 , 0.33,0.33,0.33
815720000 , 0.33,0.33,0.33
815720001 , 0.33,0.33,0.33
815720002 , 0.33,0.33,0.33
815720003 , 0.33,0.33,0.33
815720004 , 0.33,0.33,0.33
815720005 , 0.644904,0.106413,0.248683
815720006 , 0.33,0.33,0.33
815720007 , 0.0015443,0.991976,0.00647998
815720008 , 0.33,0.33,0.33
815720009 , 0.322429,0.604352,0.0732196
815720010 , 0.33,0.33,0.33
815720011 , 0.0203982,0.956345,0.0232564
815720012 , 0.33,0.33,0.33
815720013 , 0.867956,0.0929352,0.0391084
815720014 , 0.33,0.33,0.33
815720015 , 0.33,0.33,0.33
815720016 , 0.33,0.33,0.33
815720017 , 0.33,0.33,0.33
815720018 , 0.33,0.33,0.33
815720019 , 0.33,0.33,0.33
815720020 , 0.33,0.33,0.33
815720021 , 0.33,0.33,0.33
815720022 , 0.0896432,0.8105,0.0998568
815720023 , 0.33,0.33,0.33
815720024 , 0.978066,0.00945173,0.0124819
815720025 , 0.0711376,0.0313898,0.897473
815720026 , 0.33,0.33,0.33
815720027 , 0.33,0.33,0.33
815720028 , 0.33,0.33,0.33
815720029 , 0.33,0.33,0.33
815720030 , 0.735634,0.25114,0.0132264
815720031 , 0.33,0.33,0.33
815720032 , 0.33,0.33,0.33
815720033 , 0.729939,0.267361,0.00269986
815720034 , 0.0163012,0.00160344,0.982095
815720035 , 0.33,0.33,0.33
815720036 , 0.33,0.33,0.33
815720037 , 0.33,0.33,0.33
815720038 , 0.33,0.33,0.33
815720039 , 0.33,0.33,0.33
815720040 , 0.33,0.33,0.33
815720041 , 0.00496136,0.00208625,0.992952
815720042 , 0.33,0.33,0.33
815720043 , 0.0596347,0.921951,0.0184148
815720044 , 0.33,0.33,0.33
815720045 , 0.33,0.33,0.33
815720046 , 0.33,0.33,0.33
815720047 , 0.00753825,0.0383019,0.95416
815720048 , 0.778825,0.115508,0.105666
815720049 , 0.33,0.33,0.33
815720050 , 0.551466,0.444108,0.00442549
815720051 , 0.932362,0.0597517,0.00788663
815720052 , 0.0243547,0.012033,0.963612
815720053 , 0.33,0.33,0.33
815720054 , 0.33,0.33,0.33
815720055 , 0.33,0.33,0.33
815720056 , 0.33,0.33,0.33
815720057 , 0.33,0.33,0.33
815720058 , 0.33,0.33,0.33
815720059 , 0.33,0.33,0.33
815720060 , 0.33,0.33,0.33
815720061 , 0.33,0.33,0.33
815720062 , 0.33,0.33,0.33
815720063 , 0.986843,0.00744718,0.00570975
815720064 , 0.0148869,0.0237671,0.961346
815720065 , 0.33,0.33,0.33
815720066 , 0.33,0.33,0.33
815720067 , 0.33,0.33,0.33
815720068 , 0.33,0.33,0.33
815720069 , 0.00272569,0.00512822,0.992146
815720070 , 0.33,0.33,0.33
815720071 , 0.33,0.33,0.33
815720072 , 0.33,0.33,0.33
815720073 , 0.824171,0.140226,0.0356025
815720074 , 0.33,0.33,0.33
815720075 , 0.33,0.33,0.33
815720076 , 0.33,0.33,0.33
815720077 , 0.33,0.33,0.33
815720078 , 0.33,0.33,0.33
815720079 , 0.33,0.33,0.33
815720080 , 0.692051,0.298634,0.0093148
815720081 , 0.33,0.33,0.33
815720082 , 0.0293896,0.0369916,0.933619
815720083 , 0.33,0.33,0.33
815720084 , 0.0312537,0.00786509,0.960881
815720085 , 0.33,0.33,0.33
815720086 , 0.00581695,0.00115232,0.993031
815720087 , 0.443421,0.414337,0.142242
815720088 , 0.172255,0.805852,0.0218928
815720089 , 0.0787382,0.0325217,0.88874
815720090 , 0.33,0.33,0.33
815720091 , 0.33,0.33,0.33
815720092 , 0.0878288,0.872269,0.0399025
815720093 , 0.33,0.33,0.33
815720094 , 0.33,0.33,0.33
815720095 , 0.33,0.33,0.33
815720096 , 0.00747704,0.980435,0.0120879
815720097 , 0.33,0.33,0.33
815720098 , 0.33,0.33,0.33
815720099 , 0.33,0.33,0.33
815720100 , 0.33,0.33,0.33
815720101 , 0.33,0.33,0.33
815720102 , 0.0159439,0.973735,0.0103214
815720103 , 0.774263,0.219055,0.00668253
815720104 , 0.33,0.33,0.33
815720105 , 0.33,0.33,0.33
815720106 , 0.33,0.33,0.33
815720107 , 0.33,0.33,0.33
815720108 , 0.33,0.33,0.33
815720109 , 0.913832,0.0775693,0.00859856
815720110 , 0.107161,0.87943,0.0134097
815720111 , 0.33,0.33,0.33
815720112 , 0.178657,0.543662,0.277681
815720113 , 0.33,0.33,0.33
815720114 , 0.33,0.33,0.33
815720115 , 0.0725497,0.000319348,0.927131
815720116 , 0.33,0.33,0.33
815720117 , 0.029119,0.0243059,0.946575
815720118 , 0.786749,0.180878,0.0323738
815720119 , 0.33,0.33,0.33
815720120 , 0.00020066,0.00505495,0.994744
815720121 , 0.130077,0.00656883,0.863354
815720122 , 0.33,0.33,0.33
815720123 , 0.251259,0.740803,0.00793745
815720124 , 0.33,0.33,0.33
815720125 , 0.33,0.33,0.33
815720126 , 0.33,0.33,0.33
815720127 , 0.33,0.33,0.33
815720128 , 0.33,0.33,0.33
815720131 , 2.54718e-05,3.78562e-05,0.999937
815720132 , 0.33,0.33,0.33
815720133 , 0.33,0.33,0.33
815720134 , 0.33,0.33,0.33
815720135 , 0.0293896,0.0369916,0.933619
815720136 , 0.33,0.33,0.33
815720137 , 0.33,0.33,0.33
815720138 , 0.33,0.33,0.33
815720139 , 0.634613,0.321179,0.0442078
815720140 , 0.33,0.33,0.33
815720141 , 0.33,0.33,0.33
815720142 , 0.33,0.33,0.33
815720143 , 0.33,0.33,0.33
815720144 , 0.33,0.33,0.33
815720145 , 0.131418,0.118451,0.750132
815720146 , 0.33,0.33,0.33
815720147 , 0.33,0.33,0.33
815720148 , 0.33,0.33,0.33
815720149 , 0.0242846,0.03143,0.944285
815720150 , 0.33,0.33,0.33
815720151 , 0.692542,0.23615,0.0713085
815720152 , 0.00199315,0.0119843,0.986023
815720153 , 0.33,0.33,0.33
815720154 , 0.33,0.33,0.33
815720155 , 0.33,0.33,0.33
815720156 , 0.0457799,8.50108e-05,0.954135
815720157 , 0.0203982,0.956345,0.0232564
815720158 , 0.33,0.33,0.33
815720159 , 0.100627,0.842489,0.0568839
815720160 , 0.33,0.33,0.33
815720161 , 0.33,0.33,0.33
815720162 , 0.33,0.33,0.33
815720163 , 0.33,0.33,0.33
815720164 , 0.567659,0.401853,0.0304874
815720165 , 0.33,0.33,0.33
815720166 , 0.0292614,0.0690749,0.901664
815720167 , 0.33,0.33,0.33
815720168 , 0.33,0.33,0.33
815720169 , 0.9628,0.032807,0.00439278
815720170 , 0.33,0.33,0.33
815720171 , 0.33,0.33,0.33
815720172 , 0.049947,0.000219464,0.949834
815720173 , 0.33,0.33,0.33
815720174 , 0.33,0.33,0.33
815720175 , 0.33,0.33,0.33
815720176 , 0.0011995,0.003765,0.995036
815720177 , 0.33,0.33,0.33
815720178 , 0.000179063,0.00272663,0.997094
815720179 , 0.33,0.33,0.33
815720180 , 0.33,0.33,0.33
815720181 , 0.33,0.33,0.33
815720182 , 0.790576,0.156268,0.0531563
815720183 , 0.33,0.33,0.33
815720184 , 0.0148869,0.0237671,0.961346
815720185 , 0.550049,0.0768812,0.37307
815720186 , 0.33,0.33,0.33
815720187 , 0.33,0.33,0.33
815720188 , 0.33,0.33,0.33
815720189 , 0.33,0.33,0.33
815720190 , 0.33,0.33,0.33
815720191 , 0.33,0.33,0.33
815720192 , 0.33,0.33,0.33
815720193 , 2.54718e-05,3.78562e-05,0.999937
815720194 , 0.000463348,0.0362653,0.963271
815720195 , 0.33,0.33,0.33
815720196 , 0.33,0.33,0.33
815720197 , 0.00797311,0.0319391,0.960088
815720198 , 0.33,0.33,0.33
815720199 , 0.33,0.33,0.33
815720200 , 0.33,0.33,0.33
815720201 , 0.0207806,0.143354,0.835865
815720202 , 0.256949,0.669113,0.0739384
815720203 , 0.33,0.33,0.33
815720204 , 0.33,0.33,0.33
815720205 , 0.00795597,6.91556e-05,0.991975
815720206 , 0.33,0.33,0.33
815720207 , 0.183296,0.801104,0.0155998
815720208 , 0.000742244,0.000207918,0.99905
815720209 , 0.00101213,0.00695903,0.992029
815720210 , 0.33,0.33,0.33
815720211 , 0.33,0.33,0.33
815720212 , 0.33,0.33,0.33
815720213 , 0.33,0.33,0.33
815720214 , 0.33,0.33,0.33
815720215 , 0.33,0.33,0.33
815720216 , 0.33,0.33,0.33
815720217 , 0.00116651,5.54507e-05,0.998778
815720218 , 0.33,0.33,0.33
815720219 , 0.33,0.33,0.33
815720220 , 0.33,0.33,0.33
815720221 , 0.33,0.33,0.33
815720222 , 0.00736746,0.991568,0.00106503
815720223 , 0.33,0.33,0.33
815720224 , 0.33,0.33,0.33
815720225 , 0.956715,0.00232137,0.0409633
815720226 , 0.0293896,0.0369916,0.933619
815720227 , 0.33,0.33,0.33
815720228 , 0.33,0.33,0.33
815720229 , 0.33,0.33,0.33
815720230 , 0.384578,0.571942,0.0434803
815720233 , 0.33,0.33,0.33
815720234 , 0.000232347,0.00611536,0.993652
815720235 , 0.33,0.33,0.33
815720236 , 0.33,0.33,0.33
815720237 , 0.33,0.33,0.33
815720238 , 0.837055,0.160928,0.00201757
815720239 , 0.33,0.33,0.33
815720240 , 0.33,0.33,0.33
815720241 , 0.33,0.33,0.33
815720242 , 0.33,0.33,0.33
815720243 , 0.33,0.33,0.33
815720244 , 0.33,0.33,0.33
815720245 , 0.33,0.33,0.33
815720246 , 0.33,0.33,0.33
815720247 , 0.33,0.33,0.33
815720248 , 0.33,0.33,0.33
815720249 , 0.33,0.33,0.33
815720250 , 0.0027608,0.995808,0.00143122
815720251 , 0.33,0.33,0.33
815720252 , 0.333798,0.658093,0.00810915
815720253 , 0.054023,0.0505104,0.895467
815720254 , 0.33,0.33,0.33
815720255 , 0.33,0.33,0.33
815720256 , 0.33,0.33,0.33
815720257 , 0.33,0.33,0.33
815720258 , 0.33,0.33,0.33
815720259 , 0.33,0.33,0.33
815720260 , 0.0124114,0.00665699,0.980932
815720261 , 0.33,0.33,0.33
815720262 , 0.33,0.33,0.33
815720263 , 0.000302529,0.000947653,0.99875
815720264 , 0.874235,0.120201,0.00556366
815720265 , 0.000242929,0.057687,0.94207
815720266 , 0.100452,0.00356419,0.895984
815720267 , 0.33,0.33,0.33
815720268 , 0.33,0.33,0.33
815720269 , 0.0807374,0.00314717,0.916115
815720270 , 0.33,0.33,0.33
815720271 , 0.0151549,0.00812047,0.976725
815720272 , 0.33,0.33,0.33
815720273 , 0.33,0.33,0.33
815720274 , 0.518729,0.408975,0.072296
815720275 , 0.33,0.33,0.33
815720276 , 0.0113158,0.0162195,0.972465
815720277 , 0.054023,0.0505104,0.895467
815720278 , 0.33,0.33,0.33
815720279 , 0.836506,0.114562,0.0489317
815720280 , 0.000905198,0.00380969,0.995285
815720281 , 0.33,0.33,0.33
815720282 , 0.33,0.33,0.33
815720283 , 0.33,0.33,0.33
815720284 , 0.33,0.33,0.33
815720285 , 0.00313825,0.996656,0.000205349
815720286 , 0.33,0.33,0.33
815720287 , 0.33,0.33,0.33
815720288 , 0.33,0.33,0.33
815720289 , 0.0192069,0.0192718,0.961521
815720290 , 0.33,0.33,0.33
815720291 , 0.33,0.33,0.33
815720292 , 0.0049822,0.000275727,0.994742
815720293 , 0.33,0.33,0.33
815720294 , 0.33,0.33,0.33
815720295 , 0.33,0.33,0.33
815720296 , 0.33,0.33,0.33
815720297 , 0.33,0.33,0.33
815720298 , 0.33,0.33,0.33
815720299 , 0.0109543,0.00396923,0.985076
815720300 , 0.33,0.33,0.33
815720301 , 0.33,0.33,0.33
815720302 , 0.0111631,0.042878,0.945959
815720303 , 0.33,0.33,0.33
815720304 , 0.33,0.33,0.33
815720305 , 0.669124,0.11308,0.217796
815720306 , 0.33,0.33,0.33
815720307 , 0.33,0.33,0.33
815720308 , 0.33,0.33,0.33
815720309 , 0.33,0.33,0.33
815720310 , 0.33,0.33,0.33
815720311 , 0.735828,0.246488,0.0176836
815720312 , 0.0280217,0.193562,0.778416
815720313 , 0.33,0.33,0.33
815720314 , 0.33,0.33,0.33
815720315 , 0.33,0.33,0.33
815720316 , 0.095135,0.80534,0.0995248
815720317 , 0.0497694,0.837795,0.112435
815720318 , 0.130077,0.00656883,0.863354
815720319 , 0.33,0.33,0.33
815720320 , 0.33,0.33,0.33
815720321 , 0.026356,0.00457426,0.96907
815720322 , 0.33,0.33,0.33
815720323 , 0.33,0.33,0.33
815720324 , 0.33,0.33,0.33
815720325 , 0.33,0.33,0.33
815720326 , 0.33,0.33,0.33
815720327 , 0.33,0.33,0.33
815720328 , 0.33,0.33,0.33
815720329 , 0.33,0.33,0.33
815720330 , 0.374396,0.60543,0.020174
815720331 , 0.33,0.33,0.33
815720332 , 0.956008,0.0385185,0.00547374
815720335 , 0.33,0.33,0.33
815720336 , 0.33,0.33,0.33
815720337 , 0.0288968,0.96974,0.00136303
815720338 , 0.101611,0.892528,0.00586081
815720339 , 0.33,0.33,0.33
815720340 , 0.0266023,0.0156395,0.957758
815720341 , 0.33,0.33,0.33
815720342 , 0.923568,0.00281447,0.0736177
815720343 , 0.0901405,0.894085,0.0157748
815720344 , 0.33,0.33,0.33
815720345 , 0.33,0.33,0.33
815720346 , 0.33,0.33,0.33
815720347 , 0.33,0.33,0.33
815720348 , 0.33,0.33,0.33
815720349 , 0.239366,0.738361,0.0222728
815720350 , 0.33,0.33,0.33
815720351 , 2.07804e-05,3.20539e-05,0.999947
815720352 , 0.185826,0.283809,0.530365
815720353 , 0.33,0.33,0.33
815720354 , 0.33,0.33,0.33
815720355 , 0.0359178,0.0292293,0.934853
815720356 , 0.33,0.33,0.33
815720357 , 0.33,0.33,0.33
815720358 , 0.33,0.33,0.33
815720359 , 0.33,0.33,0.33
815720360 , 0.0738798,0.00884197,0.917278
815720361 , 0.0908327,0.384343,0.524825
815720362 , 0.0267011,0.0251976,0.948101
815720363 , 0.00525076,0.875978,0.118771
815720364 , 0.00356745,0.911731,0.0847017
815720365 , 0.0086024,0.398467,0.59293
815720366 , 0.33,0.33,0.33
815720367 , 0.33,0.33,0.33
815720368 , 0.33,0.33,0.33
815720369 , 0.000922,0.00560866,0.993469
815720370 , 0.33,0.33,0.33
815720371 , 0.33,0.33,0.33
815720372 , 0.33,0.33,0.33
815720373 , 0.33,0.33,0.33
815720374 , 0.33,0.33,0.33
815720375 , 0.33,0.33,0.33
815720376 , 0.33,0.33,0.33
815720377 , 0.33,0.33,0.33
815720378 , 0.33,0.33,0.33
815720379 , 0.33,0.33,0.33
815720380 , 0.00235426,0.000157467,0.997488
815720381 , 0.33,0.33,0.33
815720382 , 0.33,0.33,0.33
815720383 , 0.33,0.33,0.33
815720384 , 0.33,0.33,0.33
815720385 , 0.33,0.33,0.33
815720386 , 0.33,0.33,0.33
815720387 , 0.00902127,0.543516,0.447463
815720388 , 0.33,0.33,0.33
815720389 , 0.0148869,0.0237671,0.961346
815720390 , 0.33,0.33,0.33
815720391 , 0.130077,0.00656883,0.863354
815720392 , 0.33,0.33,0.33
815720393 , 0.33,0.33,0.33
815720394 , 0.33,0.33,0.33
815720395 , 0.33,0.33,0.33
815720396 , 0.000512651,0.00294365,0.996544
815720397 , 0.33,0.33,0.33
815720398 , 0.33,0.33,0.33
815720399 , 0.735874,0.228336,0.0357903
815720400 , 0.33,0.33,0.33
815720401 , 0.33,0.33,0.33
815720402 , 0.33,0.33,0.33
815720403 , 0.33,0.33,0.33
815720404 , 0.401517,8.16354e-05,0.598401
815720405 , 0.33,0.33,0.33
815720406 , 0.33,0.33,0.33
815720407 , 0.33,0.33,0.33
815720408 , 0.514189,0.481169,0.00464182
815720409 , 0.0173878,0.0174135,0.965199
815720410 , 0.33,0.33,0.33
815720411 , 0.33,0.33,0.33
815720412 , 0.33,0.33,0.33
815720413 , 0.209599,0.785426,0.00497494
815720414 , 0.0236909,0.955018,0.021291
815720415 , 0.33,0.33,0.33
815720416 , 0.33,0.33,0.33
815720417 , 0.33,0.33,0.33
815720418 , 0.33,0.33,0.33
815720419 , 0.886448,0.0982532,0.0152983
815720420 , 0.33,0.33,0.33
815720421 , 0.33,0.33,0.33
815720422 , 0.33,0.33,0.33
815720423 , 0.705158,0.269134,0.0257083
815720424 , 0.33,0.33,0.33
815720425 , 0.33,0.33,0.33
815720426 , 0.33,0.33,0.33
815720427 , 0.631452,0.202409,0.166138
815720428 , 0.372116,0.0815888,0.546296
815720429 , 0.0611961,0.0178525,0.920951
815720430 , 0.33,0.33,0.33
815720431 , 0.936198,0.0620376,0.00176483
815720432 , 0.33,0.33,0.33
815720433 , 0.33,0.33,0.33
815720434 , 0.33,0.33,0.33
815720436 , 0.33,0.33,0.33
815720437 , 0.33,0.33,0.33
815720438 , 0.157043,0.814266,0.0286907
815720439 , 0.205507,0.704535,0.0899574
815720440 , 0.33,0.33,0.33
815720441 , 0.727553,0.216799,0.0556485
815720442 , 0.33,0.33,0.33
815720443 , 0.13875,0.0425027,0.818748
815720444 , 0.87321,0.0363092,0.0904807
815720445 , 0.33,0.33,0.33
815720446 , 0.33,0.33,0.33
815720447 , 0.699152,0.237179,0.0636688
815720448 , 0.33,0.33,0.33
815720449 , 0.143511,0.786642,0.0698474
815720450 , 0.33,0.33,0.33
815720451 , 0.33,0.33,0.33
815720452 , 0.33,0.33,0.33
815720453 , 0.95931,0.0403767,0.000313503
815720454 , 0.000461521,8.26654e-05,0.999456
815720455 , 0.33,0.33,0.33
815720456 , 0.33,0.33,0.33
815720457 , 0.33,0.33,0.33
815720458 , 0.33,0.33,0.33
815720459 , 0.33,0.33,0.33
815720460 , 0.33,0.33,0.33
815720461 , 0.33,0.33,0.33
815720462 , 0.33,0.33,0.33
815720463 , 0.33,0.33,0.33
815720464 , 0.33,0.33,0.33
